1 3.9784000000033842E+30 4.2960132889860841E+06 7.0837456235078726E+09 1.1979066851681095E+10 -4.1558698178990781E+06 4.3135653693260673E-01 0.0000000000000000E+00
2 8.1241080714108107E+30 5.4673231019832324E+06 7.0888489840408640E+09 1.1762562910787863E+10 -5.2880676305902302E+06 4.3168572405541716E-01 0.0000000000000000E+00
3 1.0086453448478990E+31 5.8837828192863055E+06 7.0920546049891548E+09 1.1635402212728752E+10 -5.6904644537042677E+06 4.3187965308133403E-01 0.0000000000000000E+00
4 1.4532923981487388E+31 6.6637156435821168E+06 7.0953285410991163E+09 1.1511583853417431E+10 -6.4437780216053426E+06 4.3206883362568049E-01 0.0000000000000000E+00
5 2.1340106893686698E+31 7.6027672161758831E+06 7.1006912915623255E+09 1.1320549682178144E+10 -7.3502389644376040E+06 4.3236140047242283E-01 0.0000000000000000E+00
6 2.8381060005600667E+31 8.3903841733909398E+06 7.1068747289473228E+09 1.1115972704259975E+10 -8.1100150145535469E+06 4.3267541254222691E-01 0.0000000000000000E+00
7 3.4933886733571130E+31 9.0194216135032345E+06 7.1127313159879885E+09 1.0935169501809288E+10 -8.7164470542199314E+06 4.3295345708527005E-01 0.0000000000000000E+00
8 4.1390134765889873E+31 9.5711160355651267E+06 7.1182339964211378E+09 1.0775076679084114E+10 -9.2480199104607701E+06 4.3320001782312956E-01 0.0000000000000000E+00
9 4.5531731228644877E+31 9.8975823074162956E+06 7.1226419696814003E+09 1.0652831356042482E+10 -9.5624424249269962E+06 4.3338852601240657E-01 0.0000000000000000E+00
10 4.8337545991897027E+31 1.0108572368521145E+07 7.1255199586716671E+09 1.0575569899179136E+10 -9.7655921117954850E+06 4.3350771154323131E-01 0.0000000000000000E+00
11 5.3453514967517378E+31 1.0474959041469246E+07 7.1288112624510994E+09 1.0489450154569967E+10 -1.0118253320030272E+07 4.3364069090212931E-01 0.0000000000000000E+00
12 6.0184318559931594E+31 1.0926173683878433E+07 7.1336990808035498E+09 1.0365636940007944E+10 -1.0552365855444700E+07 4.3383191659016679E-01 0.0000000000000000E+00
13 6.6244516823965468E+31 1.1307292335666513E+07 7.1389257588990526E+09 1.0238112073565140E+10 -1.0918863179571331E+07 4.3402905697041261E-01 0.0000000000000000E+00
14 7.1118363475635189E+31 1.1599061506172357E+07 7.1433745288480911E+09 1.0133212974150423E+10 -1.1199326354757905E+07 4.3419132258305976E-01 0.0000000000000000E+00
15 7.7609086724803621E+31 1.1969950000033582E+07 7.1479986412446365E+09 1.0027236899801390E+10 -1.1555696837130368E+07 4.3435530997068866E-01 0.0000000000000000E+00
16 8.2006045660321853E+31 1.2211008399904884E+07 7.1523939149245815E+09 9.9293052304607868E+09 -1.1787230324114203E+07 4.3450694221830777E-01 0.0000000000000000E+00
17 8.8350192069056640E+31 1.2546000027421374E+07 7.1567386475663176E+09 9.8348227656894016E+09 -1.2108865127888262E+07 4.3465330296903976E-01 0.0000000000000000E+00
18 9.3813381438466503E+31 1.2823558568782542E+07 7.1614842343771477E+09 9.7341634829136429E+09 -1.2375249348337412E+07 4.3480929784307515E-01 0.0000000000000000E+00
19 1.0028189741531582E+32 1.3140542193926537E+07 7.1662741042748213E+09 9.6349575686810703E+09 -1.2679349318790197E+07 4.3496315752336273E-01 0.0000000000000000E+00
20 1.0668648230682842E+32 1.3443202199072363E+07 7.1714179756898203E+09 9.5309240658473167E+09 -1.2969584243446052E+07 4.3512454412186335E-01 0.0000000000000000E+00
21 1.1308359125397792E+32 1.3735509429199349E+07 7.1765153626931314E+09 9.4301769217265396E+09 -1.3249774701871812E+07 4.3528096963574431E-01 0.0000000000000000E+00
22 1.1935199998321816E+32 1.4013153376158496E+07 7.1815400501772909E+09 9.3329859635478497E+09 -1.3515801762575865E+07 4.3543194486429110E-01 0.0000000000000000E+00
23 1.2573843280844096E+32 1.4287883097827800E+07 7.1865415268341370E+09 9.2381392864952316E+09 -1.3778931412507653E+07 4.3557938035776861E-01 0.0000000000000000E+00
24 1.3062378123391803E+32 1.4492926517823022E+07 7.1909752711161833E+09 9.1555928787349606E+09 -1.3975248330348611E+07 4.3570779225467338E-01 0.0000000000000000E+00
25 1.3459983418563519E+32 1.4656751795816652E+07 7.1944506020708580E+09 9.0917873213913250E+09 -1.4132058537435532E+07 4.3580708063724205E-01 0.0000000000000000E+00
26 1.3969593586220870E+32 1.4862956245338529E+07 7.1980064050017862E+09 9.0273233742140408E+09 -1.4329379505394876E+07 4.3590745967639155E-01 0.0000000000000000E+00
27 1.4633292895876255E+32 1.5125561744687913E+07 7.2025839772689791E+09 8.9453341516185074E+09 -1.4580582342065215E+07 4.3603523196211963E-01 0.0000000000000000E+00
28 1.5316498477229841E+32 1.5389356692847574E+07 7.2078172520307388E+09 8.8531905788547401E+09 -1.4832821501462638E+07 4.3617895356149955E-01 0.0000000000000000E+00
29 1.5913599996747541E+32 1.5614872291898621E+07 7.2127637237303095E+09 8.7674275456579857E+09 -1.5048376995444179E+07 4.3631280084750590E-01 0.0000000000000000E+00
30 1.6576666663113552E+32 1.5860185812692380E+07 7.2176150789891214E+09 8.6844828665003757E+09 -1.5282770315868258E+07 4.3644239698814735E-01 0.0000000000000000E+00
31 1.7091825344648224E+32 1.6047287782050531E+07 7.2221206748303213E+09 8.6084106639875889E+09 -1.5461483150721252E+07 4.3656135023666998E-01 0.0000000000000000E+00
32 1.7520568678178926E+32 1.6200804132916097E+07 7.2257151629664812E+09 8.5483351797734509E+09 -1.5608077098847330E+07 4.3665538456672714E-01 0.0000000000000000E+00
33 1.7902799995811220E+32 1.6336055179577412E+07 7.2287912053061333E+09 8.4973205119611301E+09 -1.5737199985767901E+07 4.3673527409328666E-01 0.0000000000000000E+00
34 1.8897399995309853E+32 1.6681296308350137E+07 7.2340047728035345E+09 8.4115447620587387E+09 -1.6066672163862348E+07 4.3686978923738529E-01 0.0000000000000000E+00
35 1.9891999994788195E+32 1.7017540480794799E+07 7.2414490611080761E+09 8.2908600245656490E+09 -1.6387384159924805E+07 4.3705929033922153E-01 0.0000000000000000E+00
36 2.0886599994246707E+32 1.7345568630255528E+07 7.2488059975662794E+09 8.1731482089888983E+09 -1.6700092926363468E+07 4.3724450363817652E-01 0.0000000000000000E+00
37 2.1881199993686772E+32 1.7666064252324902E+07 7.2560833489449778E+09 8.0582292409817133E+09 -1.7005461002562046E+07 4.3742570015670901E-01 0.0000000000000000E+00
38 2.2875799993108390E+32 1.7979629405511256E+07 7.2632673485869789E+09 7.9459430109299021E+09 -1.7304071955773413E+07 4.3760318091632278E-01 0.0000000000000000E+00
39 2.3870399992512945E+32 1.8286797566812083E+07 7.2703611816771049E+09 7.8361449075209293E+09 -1.7596442883209109E+07 4.3777716769250902E-01 0.0000000000000000E+00
40 2.4864999991900898E+32 1.8588043963684790E+07 7.2773596119829731E+09 7.7287050583861275E+09 -1.7883034388949752E+07 4.3794786069574093E-01 0.0000000000000000E+00
41 2.5859599991274094E+32 1.8883794054617513E+07 7.2842613144964542E+09 7.6235049260153446E+09 -1.8164258825819790E+07 4.3811546071324142E-01 0.0000000000000000E+00
42 2.6854199990633915E+32 1.9174430495744526E+07 7.2910657499313908E+09 7.5204360792810144E+09 -1.8440487074330270E+07 4.3828017243329853E-01 0.0000000000000000E+00
43 2.7848799989980824E+32 1.9460298875501126E+07 7.2977692688173666E+09 7.4194000252936525E+09 -1.8712054071650684E+07 4.3844216311388390E-01 0.0000000000000000E+00
44 2.8843399989315743E+32 1.9741712508728620E+07 7.3043713080822363E+09 7.3203068806995506E+09 -1.8979263492900729E+07 4.3860154021639414E-01 0.0000000000000000E+00
45 2.9837999988639594E+32 2.0018956549352977E+07 7.3108707069447212E+09 7.2230722054230614E+09 -1.9242391785665929E+07 4.3875850844055037E-01 0.0000000000000000E+00
46 3.0832599987953760E+32 2.0292291351003733E+07 7.3172608515485754E+09 7.1276195470593452E+09 -1.9501691630277097E+07 4.3891318529379436E-01 0.0000000000000000E+00
47 3.1827199987258241E+32 2.0561955411962319E+07 7.3235440627072296E+09 7.0338773116097078E+09 -1.9757394490036726E+07 4.3906565769837719E-01 0.0000000000000000E+00
48 3.2821799986554879E+32 2.0828167893607307E+07 7.3297142370625982E+09 6.9417782915819426E+09 -2.0009713023640275E+07 4.3921610398788996E-01 0.0000000000000000E+00
49 3.3816399985844603E+32 2.1091130669839296E+07 7.3357663955380735E+09 6.8512623052781353E+09 -2.0258842989116132E+07 4.3936453948199333E-01 0.0000000000000000E+00
50 3.4810999985127410E+32 2.1351030288805768E+07 7.3416942831165047E+09 6.7622704280162392E+09 -2.0504965252523541E+07 4.3951116971122456E-01 0.0000000000000000E+00
51 3.5805599984403760E+32 2.1608039501869656E+07 7.3475022622651567E+09 6.6747494910624819E+09 -2.0748247229951441E+07 4.3965600425513240E-01 0.0000000000000000E+00
52 3.6800199983675037E+32 2.1862318701241747E+07 7.3531851929290609E+09 6.5886487530749874E+09 -2.0988844297556579E+07 4.3979917332677276E-01 0.0000000000000000E+00
53 3.7794799982941242E+32 2.2114017126204237E+07 7.3587413567454262E+09 6.5039210495590267E+09 -2.1226900971346080E+07 4.3994075346891709E-01 0.0000000000000000E+00
54 3.8789399982203295E+32 2.2363273923739899E+07 7.3641654497753038E+09 6.4205224420072145E+09 -2.1462551903779626E+07 4.4008081559845325E-01 0.0000000000000000E+00
55 3.9783999981461199E+32 2.2610219152511381E+07 7.3694630042257061E+09 6.3384101282175817E+09 -2.1695922944791317E+07 4.4021945951873565E-01 0.0000000000000000E+00
56 4.0778599980714952E+32 2.2854974536091220E+07 7.3746284231187258E+09 6.2575458747596731E+09 -2.1927131776670754E+07 4.4035670406393929E-01 0.0000000000000000E+00
57 4.1773199979965938E+32 2.3097654293355025E+07 7.3796618864619789E+09 6.1778914045057878E+09 -2.2156288800790906E+07 4.4049268529833319E-01 0.0000000000000000E+00
58 4.2767799979215079E+32 2.3338365722262237E+07 7.3845621337693100E+09 6.0994124450005875E+09 -2.2383497642964721E+07 4.4062740685073992E-01 0.0000000000000000E+00
59 4.3762399978462837E+32 2.3577209852425829E+07 7.3893288978175573E+09 6.0220749987766085E+09 -2.2608855835226536E+07 4.4076097797939595E-01 0.0000000000000000E+00
60 4.4756999977709672E+32 2.3814281932639185E+07 7.3939617256274433E+09 5.9458478209359484E+09 -2.2832455263705134E+07 4.4089343366585976E-01 0.0000000000000000E+00
61 4.5751599976955124E+32 2.4049671923032351E+07 7.3984611106758785E+09 5.8707008004361582E+09 -2.3054382661996543E+07 4.4102483477792992E-01 0.0000000000000000E+00
62 4.6746199976199192E+32 2.4283464924091734E+07 7.4028277459068403E+09 5.7966052380232830E+09 -2.3274720032283843E+07 4.4115524534260325E-01 0.0000000000000000E+00
63 4.7740799975442338E+32 2.4515741537792798E+07 7.4070611244056549E+09 5.7235343867378578E+09 -2.3493545202487290E+07 4.4128468844439300E-01 0.0000000000000000E+00
64 4.8735399974685484E+32 2.4746578269048169E+07 7.4111643384698544E+09 5.6514614399687777E+09 -2.3710932074016988E+07 4.4141324737317872E-01 0.0000000000000000E+00
65 4.9729999973929553E+32 2.4976047750682741E+07 7.4151255206518068E+09 5.5803629908123522E+09 -2.3926950718066394E+07 4.4154093890427915E-01 0.0000000000000000E+00
66 5.0724599973175005E+32 2.5204219124647837E+07 7.4189477963961029E+09 5.5102144055169125E+09 -2.4141667799835980E+07 4.4166785757215338E-01 0.0000000000000000E+00
67 5.1719199972421379E+32 2.5431158238155253E+07 7.4226299301794634E+09 5.4409936382136002E+09 -2.4355146734135270E+07 4.4179400859534879E-01 0.0000000000000000E+00
68 5.2713799971669598E+32 2.5656927912638813E+07 7.4261709221043720E+09 5.3726788404591703E+09 -2.4567447943702519E+07 4.4191945900092339E-01 0.0000000000000000E+00
69 5.3708399970920123E+32 2.5881588144187674E+07 7.4295698095196753E+09 5.3052494542487955E+09 -2.4778629069386184E+07 4.4204424663553055E-01 0.0000000000000000E+00
70 5.4702999970172953E+32 2.6105196316780388E+07 7.4328325337645559E+09 5.2386854131025658E+09 -2.4988745179373145E+07 4.4216838869943453E-01 0.0000000000000000E+00
71 5.5697599969427167E+32 2.6327807352002528E+07 7.4359464036960869E+09 5.1729681975674305E+09 -2.5197848885579169E+07 4.4229198285808352E-01 0.0000000000000000E+00
72 5.6692199968683226E+32 2.6549473890677322E+07 7.4389175262308102E+09 5.1080796857150984E+09 -2.5405990566268623E+07 4.4241501502444436E-01 0.0000000000000000E+00
73 5.7686799967942052E+32 2.6770246472603071E+07 7.4417456377999830E+09 5.0440018494383955E+09 -2.5613218734481156E+07 4.4253756950514034E-01 0.0000000000000000E+00
74 5.8681399967203183E+32 2.6990173660284858E+07 7.4444373779927082E+09 4.9807177363160791E+09 -2.5819579969365716E+07 4.4265963196410307E-01 0.0000000000000000E+00
75 5.9675999966467543E+32 2.7209302125446539E+07 7.4469644395106840E+09 4.9182120169375467E+09 -2.6025118886327147E+07 4.4278137788194571E-01 0.0000000000000000E+00
76 6.0670599965735131E+32 2.7427676801100239E+07 7.4493049619368200E+09 4.8564692256984634E+09 -2.6229878309321523E+07 4.4290300464279792E-01 0.0000000000000000E+00
77 6.1665199965005947E+32 2.7645341016159434E+07 7.4514744792722483E+09 4.7954739432172031E+09 -2.6433899498321831E+07 4.4302446112210836E-01 0.0000000000000000E+00
78 6.2659799964280914E+32 2.7862336618885469E+07 7.4534751713713455E+09 4.7352108428338289E+09 -2.6637222252128720E+07 4.4314584657910222E-01 0.0000000000000000E+00
79 6.3654399963560492E+32 2.8078703977438502E+07 7.4552999340532064E+09 4.6756671984034462E+09 -2.6839884838991940E+07 4.4326714503750098E-01 0.0000000000000000E+00
80 6.4648999962843760E+32 2.8294482182395168E+07 7.4569699335347261E+09 4.6168282863473196E+09 -2.7041924313987076E+07 4.4338833907636693E-01 0.0000000000000000E+00
81 6.5643599962130717E+32 2.8509709099480774E+07 7.4584996951991167E+09 4.5586805117352800E+09 -2.7243376553487420E+07 4.4350940365965597E-01 0.0000000000000000E+00
82 6.6638199961421363E+32 2.8724421365433782E+07 7.4598696034378242E+09 4.5012124453094950E+09 -2.7444276119488358E+07 4.4363043578014272E-01 0.0000000000000000E+00
83 6.7632799960717083E+32 2.8938654589539520E+07 7.4611022607677250E+09 4.4444103362274103E+09 -2.7644656682926893E+07 4.4375144258029808E-01 0.0000000000000000E+00
84 6.8627399960017414E+32 2.9152443268993307E+07 7.4621751715102720E+09 4.3882640097118311E+09 -2.7844550875321805E+07 4.4387249849104449E-01 0.0000000000000000E+00
85 6.9621999959323279E+32 2.9365820985647198E+07 7.4630992590415993E+09 4.3327608862475986E+09 -2.8043990445964217E+07 4.4399365964415977E-01 0.0000000000000000E+00
86 7.0616599958634678E+32 2.9578820450695138E+07 7.4638879181264477E+09 4.2778890681019239E+09 -2.8243006291263521E+07 4.4411493160870386E-01 0.0000000000000000E+00
87 7.1611199957951611E+32 2.9791473444665160E+07 7.4645143052561808E+09 4.2236393320474091E+09 -2.8441628250366807E+07 4.4423643918793243E-01 0.0000000000000000E+00
88 7.2605799957273616E+32 3.0003810992533352E+07 7.4649913245522842E+09 4.1700003025595737E+09 -2.8639885442266285E+07 4.4435821384576379E-01 0.0000000000000000E+00
89 7.3600399956601156E+32 3.0215863429800753E+07 7.4653348292555389E+09 4.1169606127499323E+09 -2.8837806315826595E+07 4.4448029605962441E-01 0.0000000000000000E+00
90 7.4594999955933769E+32 3.0427660283961635E+07 7.4655140477219505E+09 4.0645124158499618E+09 -2.9035418385405064E+07 4.4460281035636734E-01 0.0000000000000000E+00
91 7.5589599955271455E+32 3.0639230538093422E+07 7.4655608048017082E+09 4.0126438892183213E+09 -2.9232748700007796E+07 4.4472577005030972E-01 0.0000000000000000E+00
92 7.6584199954615136E+32 3.0850602437583737E+07 7.4654414130758495E+09 3.9613479817479863E+09 -2.9429823409459710E+07 4.4484930702347802E-01 0.0000000000000000E+00
93 7.7578799953963889E+32 3.1061803711914178E+07 7.4651717686283579E+09 3.9106144230088544E+09 -2.9626668199212611E+07 4.4497347784989610E-01 0.0000000000000000E+00
94 7.8573399953318177E+32 3.1272861636947628E+07 7.4647703316970778E+09 3.8604327707491746E+09 -2.9823308330117524E+07 4.4509836709223743E-01 0.0000000000000000E+00
95 7.9567999952677537E+32 3.1483802821487252E+07 7.4641985002568846E+09 3.8107974039380183E+09 -3.0019768408758819E+07 4.4522408588673157E-01 0.0000000000000000E+00
96 8.0562599952042893E+32 3.1694653579735801E+07 7.4634928661285839E+09 3.7616967394113855E+09 -3.0216073032240450E+07 4.4535072263678888E-01 0.0000000000000000E+00
97 8.1557199951413322E+32 3.1905439600193694E+07 7.4626096197582808E+09 3.7131259710898514E+09 -3.0412245915779233E+07 4.4547838174801524E-01 0.0000000000000000E+00
98 8.2551799950788823E+32 3.2116186383105498E+07 7.4615873867680902E+09 3.6650732570684686E+09 -3.0608310735972464E+07 4.4560722015530108E-01 0.0000000000000000E+00
99 8.3546399950169397E+32 3.2326918824913081E+07 7.4603771833709545E+09 3.6175347928815417E+09 -3.0804290280998111E+07 4.4573733364330936E-01 0.0000000000000000E+00
100 8.4540999949554583E+32 3.2537661585413773E+07 7.4589983156716270E+09 3.5705010328835177E+09 -3.1000207157510936E+07 4.4586885755827749E-01 0.0000000000000000E+00
101 8.5535599948944381E+32 3.2748439127422120E+07 7.4574739825103893E+09 3.5239624824319386E+09 -3.1196083824776411E+07 4.4600191500452835E-01 0.0000000000000000E+00
102 8.6530199948338790E+32 3.2959275307579778E+07 7.4557514183209887E+09 3.4779171339487724E+09 -3.1391941826499462E+07 4.4613649786181520E-01 0.0000000000000000E+00
103 8.7524799947737811E+32 3.3170194025544830E+07 7.4538769400742702E+09 3.4323527207983994E+09 -3.1587802937415719E+07 4.4627289406752546E-01 0.0000000000000000E+00
104 8.8519399947141905E+32 3.3381218542297669E+07 7.4517952638158236E+09 3.3872687558954849E+09 -3.1783687944680810E+07 4.4641097524546053E-01 0.0000000000000000E+00
105 8.9513999946550611E+32 3.3592372270511590E+07 7.4495546538726234E+09 3.3426524249950619E+09 -3.1979618011223137E+07 4.4655113819640335E-01 0.0000000000000000E+00
106 9.0508599945963467E+32 3.3803677958578430E+07 7.4470957250433187E+09 3.2985044970581980E+09 -3.2175613247014582E+07 4.4669317419112542E-01 0.0000000000000000E+00
107 9.1503199945381396E+32 3.4015158603658810E+07 7.4444686074265547E+09 3.2548117675545664E+09 -3.2371694260115802E+07 4.4683757150716213E-01 0.0000000000000000E+00
108 9.2497799944804398E+32 3.4226836498959891E+07 7.4416126395660563E+09 3.2115763410586510E+09 -3.2567880796516418E+07 4.4698398785934379E-01 0.0000000000000000E+00
109 9.3492399944232933E+32 3.4438734303364754E+07 7.4385775048490238E+09 3.1687842978752565E+09 -3.2764193280616820E+07 4.4713305435166312E-01 0.0000000000000000E+00
110 9.4486999943666542E+32 3.4650873907578826E+07 7.4352999767054090E+09 3.1264393126948729E+09 -3.2960650866842270E+07 4.4728425493342572E-01 0.0000000000000000E+00
111 9.5481599943104301E+32 3.4863277341825366E+07 7.4318018615751228E+09 3.0845317649896460E+09 -3.3157272928859591E+07 4.4743798301300391E-01 0.0000000000000000E+00
112 9.6476199942546672E+32 3.5075966858501941E+07 7.4281076654131985E+09 3.0430514082336936E+09 -3.3354079184395492E+07 4.4759473337667127E-01 0.0000000000000000E+00
113 9.7470799941993194E+32 3.5288963839319661E+07 7.4241517266182528E+09 3.0020040892778563E+09 -3.3551087908514082E+07 4.4775374106643939E-01 0.0000000000000000E+00
114 9.8465399941443865E+32 3.5502290349602699E+07 7.4199869479121141E+09 2.9613737677193251E+09 -3.3748318424454153E+07 4.4791605725794365E-01 0.0000000000000000E+00
115 9.9459999940898688E+32 3.5715967457710832E+07 7.4155517386407261E+09 2.9211683774593444E+09 -3.3945788441267490E+07 4.4808057779214239E-01 0.0000000000000000E+00
116 1.0045459994035858E+33 3.5930017082728580E+07 7.4108960231231632E+09 2.8813705194426517E+09 -3.4143516927375913E+07 4.4824865200908426E-01 0.0000000000000000E+00
117 1.0144919993982309E+33 3.6144460040958449E+07 7.4059630715588703E+09 2.8419897679164310E+09 -3.4341521097397864E+07 4.4841887342724646E-01 0.0000000000000000E+00
118 1.0244379993929129E+33 3.6359318130806521E+07 7.4007979526617785E+09 2.8030079129480028E+09 -3.4539819570527077E+07 4.4859283921641885E-01 0.0000000000000000E+00
119 1.0343839993876456E+33 3.6574611937289894E+07 7.3953538896502590E+09 2.7644360741487317E+09 -3.4738429132285774E+07 4.4876877588172159E-01 0.0000000000000000E+00
120 1.0443299993824151E+33 3.6790363199187413E+07 7.3896657691605148E+09 2.7262547553000736E+09 -3.4937368100131989E+07 4.4894867095958790E-01 0.0000000000000000E+00
121 1.0542759993772308E+33 3.7006592289471284E+07 7.3837001398772526E+09 2.6884770125513978E+09 -3.5136652871846259E+07 4.4913026330991063E-01 0.0000000000000000E+00
122 1.0642219993720881E+33 3.7223320160786316E+07 7.3774723487928696E+09 2.6510913080803852E+09 -3.5336300914056778E+07 4.4931455739264137E-01 0.0000000000000000E+00
123 1.0741679993669868E+33 3.7440568539676897E+07 7.3709814650652971E+09 2.6140843742827458E+09 -3.5536330612964153E+07 4.4950309222498308E-01 0.0000000000000000E+00
124 1.0841139993619316E+33 3.7658358193770342E+07 7.3642319017859774E+09 2.5774642994605641E+09 -3.5736759043557465E+07 4.4969389427932854E-01 0.0000000000000000E+00
125 1.0879363125382055E+33 3.7742203504096255E+07 7.3594212914478817E+09 2.5523973026681871E+09 -3.5813893511184692E+07 4.4982658803086512E-01 0.0000000000000000E+00
126 1.0922237458734147E+33 3.7836351577560775E+07 7.3564968985982666E+09 2.5376906295545897E+09 -3.5900488017849743E+07 4.4990468918414578E-01 0.0000000000000000E+00
127 1.0973753326885877E+33 3.7949618337210894E+07 7.3530767218867321E+09 2.5206394213093548E+09 -3.6004642064782798E+07 4.4999744073837417E-01 0.0000000000000000E+00
128 1.1040059993519458E+33 3.8095639145684622E+07 7.3486879048764553E+09 2.4994690950008712E+09 -3.6138873862829864E+07 4.5011455037238679E-01 0.0000000000000000E+00
129 1.1139519993470105E+33 3.8315176657049008E+07 7.3423789342814369E+09 2.4698977653764033E+09 -3.6340598844013035E+07 4.5027878684456596E-01 0.0000000000000000E+00
130 1.1238979993421352E+33 3.8535339391499385E+07 7.3345567926096258E+09 2.4347815774270062E+09 -3.6542790627170682E+07 4.5048007657003086E-01 0.0000000000000000E+00
131 1.1338439993373060E+33 3.8756147386696018E+07 7.3264799360434923E+09 2.4000444380339079E+09 -3.6745464778030455E+07 4.5068169377308243E-01 0.0000000000000000E+00
132 1.1437899993325275E+33 3.8977621858652562E+07 7.3181758545301380E+09 2.3656706312208672E+09 -3.6948638349165201E+07 4.5088540309279557E-01 0.0000000000000000E+00
133 1.1537359993277952E+33 3.9199783633933857E+07 7.3096126369178133E+09 2.3316618628498635E+09 -3.7152327607990921E+07 4.5109067227776795E-01 0.0000000000000000E+00
134 1.1636819993231043E+33 3.9422654801236354E+07 7.3007753343829956E+09 2.2980025842791791E+09 -3.7356550226170063E+07 4.5129991358673621E-01 0.0000000000000000E+00
135 1.1736279993184688E+33 3.9646255494337693E+07 7.2917194968951168E+09 2.2647109080049391E+09 -3.7561321493581355E+07 4.5150844677071994E-01 0.0000000000000000E+00
136 1.1835739993138886E+33 3.9870607223936066E+07 7.2824577774161987E+09 2.2317705051698818E+09 -3.7766658452958345E+07 4.5171847185774300E-01 0.0000000000000000E+00
137 1.1935199993093638E+33 4.0095731062184982E+07 7.2729487489481239E+09 2.1991838134573493E+09 -3.7972578134860337E+07 4.5192942254678975E-01 0.0000000000000000E+00
138 1.2034659993048851E+33 4.0321649348492920E+07 7.2632036291789742E+09 2.1669366285158186E+09 -3.8179099303459585E+07 4.5214325363231500E-01 0.0000000000000000E+00
139 1.2134119993004663E+33 4.0548382231594831E+07 7.2533108724453545E+09 2.1350483190902648E+09 -3.8386237084494293E+07 4.5235434350126497E-01 0.0000000000000000E+00
140 1.2233579992961029E+33 4.0775953225612879E+07 7.2431209260087051E+09 2.1034853694199004E+09 -3.8594010270777941E+07 4.5257065243599792E-01 0.0000000000000000E+00
141 1.2333039992917902E+33 4.1004383330140471E+07 7.2328030954559364E+09 2.0722699392476325E+09 -3.8802435096132338E+07 4.5278482149041560E-01 0.0000000000000000E+00
142 1.2432499992875283E+33 4.1233694496379569E+07 7.2222696160462914E+09 2.0413917324881151E+09 -3.9011528385432482E+07 4.5299939658269162E-01 0.0000000000000000E+00
143 1.2531959992833263E+33 4.1463908213354461E+07 7.2116321565659580E+09 2.0108534612250392E+09 -3.9221306685984731E+07 4.5321155566802401E-01 0.0000000000000000E+00
144 1.2631419992791796E+33 4.1695048552709840E+07 7.2007033168302135E+09 1.9806313647961233E+09 -3.9431788718381763E+07 4.5342819140768076E-01 0.0000000000000000E+00
145 1.2730879992750837E+33 4.1927136837392703E+07 7.1897201142903385E+09 1.9507482304292898E+09 -3.9642990624455333E+07 4.5364048931765966E-01 0.0000000000000000E+00
146 1.2830339992710385E+33 4.2160196755425215E+07 7.1784996517339602E+09 1.9211829250849774E+09 -3.9854930425554037E+07 4.5385482306398528E-01 0.0000000000000000E+00
147 1.2929799992670394E+33 4.2394251211369038E+07 7.1671285629205303E+09 1.8919412321151004E+09 -4.0067625317035139E+07 4.5406803076328039E-01 0.0000000000000000E+00
148 1.3029259992630864E+33 4.2629323899947532E+07 7.1556324705770321E+09 1.8630159630490384E+09 -4.0281093386188030E+07 4.5428062536857988E-01 0.0000000000000000E+00
149 1.3128719992591841E+33 4.2865437751763031E+07 7.1440491075700731E+09 1.8344124954264510E+09 -4.0495351647595704E+07 4.5449010385644317E-01 0.0000000000000000E+00
150 1.3228179992553372E+33 4.3102617737030879E+07 7.1322416241948395E+09 1.8061143170945487E+09 -4.0710418775146842E+07 4.5470150472547732E-01 0.0000000000000000E+00
151 1.3327639992515457E+33 4.3340887525081627E+07 7.1203791995243244E+09 1.7781310489061882E+09 -4.0926312329776108E+07 4.5490942452899713E-01 0.0000000000000000E+00
152 1.3427099992478140E+33 4.3580271876760989E+07 7.1084031390408306E+09 1.7504540116558619E+09 -4.1143050681442916E+07 4.5511600012579229E-01 0.0000000000000000E+00
153 1.3526559992441378E+33 4.3820795812772006E+07 7.0962966273436403E+09 1.7230810553069811E+09 -4.1360652136076391E+07 4.5532126321106048E-01 0.0000000000000000E+00
154 1.3626019992405076E+33 4.4062485126033530E+07 7.0840853883175802E+09 1.6960065117615159E+09 -4.1579135802295148E+07 4.5552548804390308E-01 0.0000000000000000E+00
155 1.3725479992369328E+33 4.4305370077782169E+07 7.0725932986444187E+09 1.6691995215459464E+09 -4.1798530716181874E+07 4.5572328457998229E-01 0.0000000000000000E+00
156 1.3824939992334133E+33 4.4549471320711821E+07 7.0601032527670355E+09 1.6427266646529341E+09 -4.2018843905049622E+07 4.5592305747062611E-01 0.0000000000000000E+00
157 1.3924399992299445E+33 4.4794816146151513E+07 7.0473994681355934E+09 1.6165420587474051E+09 -4.2240095387426674E+07 4.5612379763929733E-01 0.0000000000000000E+00
158 1.4023859992265311E+33 4.5041431422904611E+07 7.0346504317861214E+09 1.5906488240937498E+09 -4.2462305152160466E+07 4.5632136857897865E-01 0.0000000000000000E+00
159 1.4123319992231731E+33 4.5289344400771320E+07 7.0218777073316774E+09 1.5650447106099725E+09 -4.2685493372328401E+07 4.5651520525543843E-01 0.0000000000000000E+00
160 1.4222779992198703E+33 4.5538583514072157E+07 7.0089330518626823E+09 1.5397225888182347E+09 -4.2909680526320696E+07 4.5670873670720169E-01 0.0000000000000000E+00
161 1.4322239992166229E+33 4.5789185948334970E+07 6.9972234209646835E+09 1.5146298276992083E+09 -4.3134906209704876E+07 4.5689360697686487E-01 0.0000000000000000E+00
162 1.4421699992134355E+33 4.6041172698301949E+07 6.9841585539879732E+09 1.4898660569129989E+09 -4.3361173344043612E+07 4.5708236554735693E-01 0.0000000000000000E+00
163 1.4521159992102988E+33 4.6294575839835234E+07 6.9714838813479633E+09 1.4653647783344953E+09 -4.3588509010841072E+07 4.5726505860155925E-01 0.0000000000000000E+00
164 1.4620619992072082E+33 4.6549423129913665E+07 6.9582973384866171E+09 1.4411520216684673E+09 -4.3816928805961549E+07 4.5744789651089363E-01 0.0000000000000000E+00
165 1.4720079992041683E+33 4.6805748277359448E+07 6.9454211157518530E+09 1.4171946803316488E+09 -4.4046460505145311E+07 4.5762644036657352E-01 0.0000000000000000E+00
166 1.4819539992011930E+33 4.7063579592193447E+07 6.9321185765163202E+09 1.3935238632909336E+09 -4.4277119768768907E+07 4.5780267095880134E-01 0.0000000000000000E+00
167 1.4918999991982731E+33 4.7322951544403285E+07 6.9191463873825665E+09 1.3701068177158554E+09 -4.4508934406010211E+07 4.5797316385411041E-01 0.0000000000000000E+00
168 1.5018459991954039E+33 4.7583893667573601E+07 6.9057899046433611E+09 1.3469709250654013E+09 -4.4741920726649761E+07 4.5814050432745151E-01 0.0000000000000000E+00
169 1.5117919991925946E+33 4.7846442423504122E+07 6.8928114054835110E+09 1.3240811866126633E+09 -4.4976108302106261E+07 4.5830201429185535E-01 0.0000000000000000E+00
170 1.5217379991898499E+33 4.8110625542800210E+07 6.8791339271585522E+09 1.3014829481109951E+09 -4.5211507743886709E+07 4.5846052009953664E-01 0.0000000000000000E+00
171 1.5316839991871697E+33 4.8376464903474592E+07 6.8687222920593271E+09 1.2792039103659365E+09 -4.5448145201208174E+07 4.5853798609781266E-01 0.0000000000000000E+00
172 1.5416299991845449E+33 4.8644023213008672E+07 6.8568735385540705E+09 1.2570487694417732E+09 -4.5686072594444871E+07 4.5867760183180667E-01 0.0000000000000000E+00
173 1.5515759991819754E+33 4.8913343728788473E+07 6.8452529903969870E+09 1.2351164352946889E+09 -4.5925325702156305E+07 4.5881868947975141E-01 0.0000000000000000E+00
174 1.5615219991794613E+33 4.9184492802893773E+07 6.8367686138337145E+09 1.2133064081787224E+09 -4.6165989962638676E+07 4.5894466192161315E-01 0.0000000000000000E+00
175 1.5714679991769979E+33 4.9457451337458774E+07 6.8212044709384375E+09 1.1920035512504749E+09 -4.6407968723688006E+07 4.5910034572124353E-01 0.0000000000000000E+00
176 1.5814139991745944E+33 4.9732354745678566E+07 6.8162220700321417E+09 1.1705319260831258E+09 -4.6651488484876692E+07 4.5921106189722666E-01 0.0000000000000000E+00
177 1.5913599991722509E+33 5.0009149362697139E+07 6.8005718096286964E+09 1.1497091853928349E+09 -4.6896378929030836E+07 4.5936232919849479E-01 0.0000000000000000E+00
178 1.6013059991699720E+33 5.0287960806348220E+07 6.7932702428800440E+09 1.1287818775206308E+09 -4.7142838546801865E+07 4.5948555575497246E-01 0.0000000000000000E+00
179 1.6112519991677576E+33 5.0568814850469626E+07 6.7836860621327372E+09 1.1081705845772269E+09 -4.7390858138040721E+07 4.5961812711955524E-01 0.0000000000000000E+00
180 1.6211979991655986E+33 5.0851744611700438E+07 6.7725965821162882E+09 1.0878444957283435E+09 -4.7640442320589542E+07 4.5975634991130693E-01 0.0000000000000000E+00
181 1.6311439991634949E+33 5.1136793067451969E+07 6.7610403339633999E+09 1.0677658552206489E+09 -4.7891615032212198E+07 4.5989457232759756E-01 0.0000000000000000E+00
182 1.6410899991614466E+33 5.1424021131207541E+07 6.7506362241204395E+09 1.0478706016776483E+09 -4.8144435029122353E+07 4.6002702658330064E-01 0.0000000000000000E+00
183 1.6510359991594535E+33 5.1713457107245415E+07 6.7382094776885748E+09 1.0282812419212651E+09 -4.8398892687776446E+07 4.6016384739864646E-01 0.0000000000000000E+00
184 1.6609819991575113E+33 5.2005150367663674E+07 6.7258275942868061E+09 1.0089222219403006E+09 -4.8655020632359028E+07 4.6029521437411114E-01 0.0000000000000000E+00
185 1.6709279991556243E+33 5.2299157564911738E+07 6.7135703687644291E+09 9.8977157722126317E+08 -4.8912860787882566E+07 4.6042795009588033E-01 0.0000000000000000E+00
186 1.6775586658210622E+33 5.2496464781955585E+07 6.7024202897915802E+09 9.7404171477057052E+08 -4.9085705599357009E+07 4.6053857172641566E-01 0.0000000000000000E+00
187 1.6841893324865278E+33 5.2694831647636697E+07 6.6931993685910892E+09 9.6156370419656253E+08 -4.9259320478120863E+07 4.6062598517222875E-01 0.0000000000000000E+00
188 1.6908199991520211E+33 5.2894284750833094E+07 6.6851393310449562E+09 9.4913436415638816E+08 -4.9433736009497166E+07 4.6071064637640508E-01 0.0000000000000000E+00
189 1.7007659991503001E+33 5.3195555595765628E+07 6.6762284845947762E+09 9.3366852295244980E+08 -4.9696918351313293E+07 4.6081161491479233E-01 0.0000000000000000E+00
190 1.7107119991486346E+33 5.3499378540202737E+07 6.6646875739868240E+09 9.1535433080902219E+08 -4.9961988337234080E+07 4.6093832256139033E-01 0.0000000000000000E+00
191 1.7206579991470289E+33 5.3805773021102495E+07 6.6504079849898739E+09 8.9737779537264717E+08 -5.0228908671079397E+07 4.6106121669908623E-01 0.0000000000000000E+00
192 1.7306039991454833E+33 5.4114795553542510E+07 6.6356653919631948E+09 8.7962750024628770E+08 -5.0497708878529370E+07 4.6118395108092008E-01 0.0000000000000000E+00
193 1.7405499991439929E+33 5.4426734367735714E+07 6.6339746547774420E+09 8.6146193453525591E+08 -5.0768848176720500E+07 4.6133701096316038E-01 0.0000000000000000E+00
194 1.7504959991425579E+33 5.4741327757269599E+07 6.6131855124707432E+09 8.4441625548159933E+08 -5.1041758842664182E+07 4.6144262236597428E-01 0.0000000000000000E+00
195 1.7604419991411783E+33 5.5058636510143749E+07 6.5921692277914009E+09 8.2758178520774186E+08 -5.1316471221564174E+07 4.6154410672811930E-01 0.0000000000000000E+00
196 1.7665898739109595E+33 5.5256156047471978E+07 6.5750247398068151E+09 8.1413628431238925E+08 -5.1487189572366595E+07 4.6162311692204039E-01 0.0000000000000000E+00
197 1.7726164758886517E+33 5.5450824129012063E+07 6.5619323616480265E+09 8.0403958685137594E+08 -5.1655227003412962E+07 4.6168122889465085E-01 0.0000000000000000E+00
198 1.7782799155181186E+33 5.5634717538601346E+07 6.5492985848673239E+09 7.9441743447222900E+08 -5.1813764705657363E+07 4.6173559817749837E-01 0.0000000000000000E+00
199 1.7833820077998860E+33 5.5801668825996973E+07 6.5859448567971926E+09 7.8334720581015944E+08 -5.1958000777324229E+07 4.6195024193152745E-01 0.0000000000000000E+00
200 1.7902799991373667E+33 5.6028621930110566E+07 6.5730831225619574E+09 7.7360121021134460E+08 -5.2153819561619997E+07 4.6200870208533656E-01 0.0000000000000000E+00
201 1.8002259991362084E+33 5.6358404814377300E+07 6.5548309575447760E+09 7.6004071858302391E+08 -5.2437830116053641E+07 4.6208841350368141E-01 0.0000000000000000E+00
202 1.8101719991351055E+33 5.6691275644958183E+07 6.5338336676871634E+09 7.4418842217368507E+08 -5.2723868260462612E+07 4.6218793533177371E-01 0.0000000000000000E+00
203 1.8201179991340625E+33 5.7027286694831051E+07 6.5117859800557480E+09 7.2858636174526811E+08 -5.3011930826176137E+07 4.6227404746088241E-01 0.0000000000000000E+00
204 1.8300639991330794E+33 5.7366513931957103E+07 6.4894525141282663E+09 7.1318403940278542E+08 -5.3302051662143588E+07 4.6235641685655560E-01 0.0000000000000000E+00
205 1.8400099991321471E+33 5.7709035914848529E+07 6.4668279389169226E+09 6.9797960501351416E+08 -5.3594265533075899E+07 4.6243501504566875E-01 0.0000000000000000E+00
206 1.8466406657982205E+33 5.7939251716325678E+07 6.4477707400431070E+09 6.8547750413680875E+08 -5.3790252144031018E+07 4.6249765125417025E-01 0.0000000000000000E+00
207 1.8532713324643225E+33 5.8170992658350453E+07 6.4323451065320206E+09 6.7555840274496818E+08 -5.3987195904485226E+07 4.6254606114592883E-01 0.0000000000000000E+00
208 1.8582471784620883E+33 5.8345914098994650E+07 6.4187360147933464E+09 6.6695386356984007E+08 -5.4135622474543363E+07 4.6258713301642174E-01 0.0000000000000000E+00
209 1.8633810100608728E+33 5.8527316182461418E+07 6.4067804193224993E+09 6.5950642529942656E+08 -5.4289338120858163E+07 4.6262198365439294E-01 0.0000000000000000E+00
210 1.8679763401524162E+33 5.8690498553341575E+07 6.3951955520590134E+09 6.5238817376305878E+08 -5.4427430521468610E+07 4.6265468774962232E-01 0.0000000000000000E+00
211 1.8733978271694820E+33 5.8884012778647013E+07 6.3831745503574915E+09 6.4510275522581506E+08 -5.4590963398979098E+07 4.6268754019583014E-01 0.0000000000000000E+00
212 1.8780427758514255E+33 5.9050675846939072E+07 6.3710124343714724E+09 6.3783486680750585E+08 -5.4731605070317864E+07 4.6271969137879537E-01 0.0000000000000000E+00
213 1.8834486188504064E+33 5.9245635011969537E+07 6.3561456470440826E+09 6.3070620561109340E+08 -5.4895859118681639E+07 4.6275605275108006E-01 0.0000000000000000E+00
214 1.8858748246637269E+33 5.9333486904737614E+07 6.3450040789077835E+09 6.2518723766176963E+08 -5.4969781642626613E+07 4.6277579228059817E-01 0.0000000000000000E+00
215 1.8890614228464127E+33 5.9454673273075737E+07 7.0214373495333662E+09 5.9316729541019654E+08 -5.5077308147063404E+07 4.6311041619121229E-01 0.0000000000000000E+00
216 1.8934309001392708E+33 5.9625308466397800E+07 7.3267172355061483E+09 5.7482174570140457E+08 -5.5232257494297177E+07 4.6179942899026866E-01 0.0000000000000000E+00
217 1.8996859991277571E+33 5.9871433711210646E+07 7.3356565057999401E+09 5.6652021103578949E+08 -5.5455846410681427E+07 4.6185616558455866E-01 0.0000000000000000E+00
218 1.9096319991272214E+33 6.0266487077536792E+07 7.3206143714108076E+09 5.5524036004523635E+08 -5.5814132463623285E+07 4.6206995165757458E-01 0.0000000000000000E+00
219 1.9195779991267456E+33 6.0666200838597976E+07 7.3024478242127962E+09 5.4157734501716626E+08 -5.6175901034108669E+07 4.6234189588343394E-01 0.0000000000000000E+00
220 1.9295239991263252E+33 6.1070689631188169E+07 7.2839313291312761E+09 5.2813637764675522E+08 -5.6541206958953708E+07 4.6261657048492494E-01 0.0000000000000000E+00
221 1.9394699991259647E+33 6.1480074201863892E+07 7.2649799091548653E+09 5.1491251951392412E+08 -5.6910107303056210E+07 4.6289850275522515E-01 0.0000000000000000E+00
222 1.9494159991256550E+33 6.1894476105875678E+07 7.2455132760520544E+09 5.0190791139914137E+08 -5.7282654785350621E+07 4.6318780147033195E-01 0.0000000000000000E+00
223 1.9593619991253959E+33 6.2314026486076571E+07 7.2255814425769672E+09 4.8911407360531700E+08 -5.7658911064717144E+07 4.6348727520327038E-01 0.0000000000000000E+00
224 1.9693079991251969E+33 6.2738875009467296E+07 7.2055188993360605E+09 4.7651354786194336E+08 -5.8038963302018106E+07 4.6379698108157202E-01 0.0000000000000000E+00
225 1.9792539991250531E+33 6.3169123496865243E+07 7.1842422618025150E+09 4.6416340690073675E+08 -5.8422811516769409E+07 4.6411218796382026E-01 0.0000000000000000E+00
226 1.9891999991249694E+33 6.3604916849940948E+07 7.1624585438260059E+09 4.5201787180778843E+08 -5.8810513844909906E+07 4.6443967752505111E-01 0.0000000000000000E+00
227 1.9991459991249502E+33 6.4046392006634317E+07 7.1399743984307003E+09 4.4008851713415331E+08 -5.9202108795938432E+07 4.6477661112029817E-01 0.0000000000000000E+00
228 2.0090919991249863E+33 6.4493722484745316E+07 7.1173672302232399E+09 4.2834231059344560E+08 -5.9597687996451020E+07 4.6512675440214857E-01 0.0000000000000000E+00
229 2.0190379991250778E+33 6.4947022293976501E+07 7.0935389972546892E+09 4.1683988199719214E+08 -5.9997239056245297E+07 4.6548081534673474E-01 0.0000000000000000E+00
230 2.0289839991252200E+33 6.5406463705003150E+07 7.0692837984145269E+09 4.0552846808556575E+08 -6.0400834124637038E+07 4.6585004681749198E-01 0.0000000000000000E+00
231 2.0389299991254175E+33 6.5872231074280106E+07 7.0447832992915487E+09 3.9440208318588966E+08 -6.0808558450584501E+07 4.6623225162106985E-01 0.0000000000000000E+00
232 2.0488759991256658E+33 6.6344441414728500E+07 7.0188389189465227E+09 3.8352068872738451E+08 -6.1220368662063152E+07 4.6661944174277603E-01 0.0000000000000000E+00
233 2.0588219991259694E+33 6.6823297895853072E+07 6.9928943631849308E+09 3.7281492162316620E+08 -6.1636355715030879E+07 4.6701601828822620E-01 0.0000000000000000E+00
234 2.0687679991263237E+33 6.7308940874514282E+07 6.9657006078067446E+09 3.6233745002776825E+08 -6.2056495415411890E+07 4.6742052883880364E-01 0.0000000000000000E+00
235 2.0787139991267288E+33 6.7801544127286702E+07 6.9378087414819326E+09 3.5206372257680619E+08 -6.2480812121033162E+07 4.6783213654851175E-01 0.0000000000000000E+00
236 2.0886599991271892E+33 6.8301276581661284E+07 6.9091997897572613E+09 3.4199899012738103E+08 -6.2909316425129712E+07 4.6824467240474316E-01 0.0000000000000000E+00
237 2.0986059991277003E+33 6.8808332190287143E+07 6.8799644981743507E+09 3.3212779958691108E+08 -6.3342046041182518E+07 4.6866672458421144E-01 0.0000000000000000E+00
238 2.1085519991282576E+33 6.9322902595826775E+07 6.8501080777618217E+09 3.2245415696293008E+08 -6.3779016731491268E+07 4.6909230703159682E-01 0.0000000000000000E+00
239 2.1184979991288656E+33 6.9845178597304881E+07 6.8196542755220404E+09 3.1298043811907202E+08 -6.4220226338203311E+07 4.6951576032539644E-01 0.0000000000000000E+00
240 2.1284439991295243E+33 7.0375378201049387E+07 6.7887030363197336E+09 3.0369227087839109E+08 -6.4665701715361893E+07 4.6994533774876390E-01 0.0000000000000000E+00
241 2.1383899991302383E+33 7.0913708626218975E+07 6.7572314287932510E+09 2.9459835563397545E+08 -6.5115445458771050E+07 4.7037046879840699E-01 0.0000000000000000E+00
242 2.1483359991310123E+33 7.1460409130204022E+07 6.7253724963158760E+09 2.8568331826495856E+08 -6.5569494591048032E+07 4.7079967907374132E-01 0.0000000000000000E+00
243 2.1582819991318370E+33 7.2015721072951496E+07 6.6931469063163567E+09 2.7694918470116943E+08 -6.6027877317353219E+07 4.7122742634177789E-01 0.0000000000000000E+00
244 2.1682279991327171E+33 7.2579892428818658E+07 6.6605847656723204E+09 2.6839542552925718E+08 -6.6490615486995906E+07 4.7165002312069787E-01 0.0000000000000000E+00
245 2.1781739991336387E+33 7.3153208178580508E+07 6.6278102711517677E+09 2.6000760994855604E+08 -6.6957743928869873E+07 4.7207679260014179E-01 0.0000000000000000E+00
246 2.1881199991346156E+33 7.3735944001607463E+07 6.5947120365755701E+09 2.5179386188405597E+08 -6.7429262024739772E+07 4.7250010467098652E-01 0.0000000000000000E+00
247 2.1980659991356432E+33 7.4328383229605645E+07 6.5612735896051092E+09 2.4375390502066401E+08 -6.7905161703343451E+07 4.7291782218015410E-01 0.0000000000000000E+00
248 2.2080119991367308E+33 7.4930806493919343E+07 6.5274073124194193E+09 2.3589152045451009E+08 -6.8385408952397674E+07 4.7332483584890606E-01 0.0000000000000000E+00
249 2.2179579991378645E+33 7.5543536783917516E+07 6.4932902458916330E+09 2.2819279023327109E+08 -6.8870011563860834E+07 4.7372848763869246E-01 0.0000000000000000E+00
250 2.2279039991390490E+33 7.6166897978071913E+07 6.4588410020690346E+09 2.2066094284927094E+08 -6.9358953631715894E+07 4.7412405631897886E-01 0.0000000000000000E+00
251 2.2378499991402795E+33 7.6801229269801199E+07 6.4240509705284777E+09 2.1329371452346906E+08 -6.9852183485954970E+07 4.7451093478729400E-01 0.0000000000000000E+00
252 2.2477959991415562E+33 7.7446885618653759E+07 6.3889135450286531E+09 2.0608903692524377E+08 -7.0349621635671973E+07 4.7488857124587736E-01 0.0000000000000000E+00
253 2.2577419991428975E+33 7.8104237467275023E+07 6.3534131591128855E+09 1.9904524455234438E+08 -7.0851181210783750E+07 4.7525620906260191E-01 0.0000000000000000E+00
254 2.2643726658104812E+33 7.8549150617016345E+07 6.3236448130435505E+09 1.9330866842247272E+08 -7.1187783141981632E+07 4.7555455262479784E-01 0.0000000000000000E+00
255 2.2690660754808914E+33 7.8867379463324800E+07 6.3030700574088106E+09 1.8945138522564611E+08 -7.1427094736088723E+07 4.7575260612622478E-01 0.0000000000000000E+00
256 2.2728166030358643E+33 7.9123683051859900E+07 6.2876673653504591E+09 1.8660461507009467E+08 -7.1618953499001145E+07 4.7589888854296769E-01 0.0000000000000000E+00
257 2.2776339991457226E+33 7.9455551564148054E+07 6.2719628231434383E+09 1.8373976967264584E+08 -7.1866200359828830E+07 4.7604641317228902E-01 0.0000000000000000E+00
258 2.2875799991472114E+33 8.0150379380309403E+07 6.2444716049291849E+09 1.7886303307700518E+08 -7.2379495407770962E+07 4.7629231561129809E-01 0.0000000000000000E+00
259 2.2975259991487463E+33 8.0858582364839956E+07 6.2074000608673944E+09 1.7243996651932243E+08 -7.2896453628807187E+07 4.7661670087815028E-01 0.0000000000000000E+00
260 2.3074719991503366E+33 8.1580609629787996E+07 6.1696953862096882E+09 1.6617300880021361E+08 -7.3416823549483299E+07 4.7692721386404319E-01 0.0000000000000000E+00
261 2.3174179991519822E+33 8.2316949215751946E+07 6.1314519491788073E+09 1.6005621452081835E+08 -7.3940363754638582E+07 4.7722529275270403E-01 0.0000000000000000E+00
262 2.3273639991536740E+33 8.3068134809515819E+07 6.0927888468706331E+09 1.5408333465795740E+08 -7.4466847839352489E+07 4.7751235539301734E-01 0.0000000000000000E+00
263 2.3373099991554118E+33 8.3834704429935023E+07 6.0535025581480732E+09 1.4825743264692858E+08 -7.4995988075987726E+07 4.7778673990285181E-01 0.0000000000000000E+00
264 2.3472559991571958E+33 8.4617222303936839E+07 6.0135312167797127E+09 1.4257691928991395E+08 -7.5527463903899431E+07 4.7804856749784974E-01 0.0000000000000000E+00
265 2.3572019991590258E+33 8.5416298085219130E+07 5.9729392465085249E+09 1.3703715186998919E+08 -7.6060896781203032E+07 4.7829830348458402E-01 0.0000000000000000E+00
266 2.3671479991609112E+33 8.6232570298744291E+07 5.9316680101489019E+09 1.3163713033123435E+08 -7.6595831925159574E+07 4.7853553662720422E-01 0.0000000000000000E+00
267 2.3770939991628428E+33 8.7066712190146804E+07 5.8896777042149076E+09 1.2637517405878317E+08 -7.7131776034856915E+07 4.7876041952398224E-01 0.0000000000000000E+00
268 2.3870399991648158E+33 8.7919467453874171E+07 5.8471499442355995E+09 1.2124483206220931E+08 -7.7668244866783708E+07 4.7897326668544044E-01 0.0000000000000000E+00
269 2.3969859991668304E+33 8.8791682817894086E+07 5.8060615246355505E+09 1.1623673843486850E+08 -7.8203902095948398E+07 4.7917376148702706E-01 0.0000000000000000E+00
270 2.4069319991688910E+33 8.9683916351931110E+07 5.7608182697000799E+09 1.1139321156139229E+08 -7.8738664412716240E+07 4.7936164008152626E-01 0.0000000000000000E+00
271 2.4168779991709932E+33 9.0596983646177068E+07 5.7145420475291548E+09 1.0668236803140529E+08 -7.9271727555775613E+07 4.7953780887790048E-01 0.0000000000000000E+00
272 2.4268239991731369E+33 9.1531745455086812E+07 5.6671667614301414E+09 1.0210262188534603E+08 -7.9802200041272253E+07 4.7970264561228948E-01 0.0000000000000000E+00
273 2.4367699991753313E+33 9.2489110368082613E+07 5.6186202048938885E+09 9.7652432318004206E+07 -8.0329104436298221E+07 4.7985647182928370E-01 0.0000000000000000E+00
274 2.4467159991775626E+33 9.3470035574382588E+07 5.5688179519079714E+09 9.3330495999388650E+07 -8.0851366087571025E+07 4.7999912534569900E-01 0.0000000000000000E+00
275 2.4566619991798400E+33 9.4475531143619388E+07 5.5176748025015554E+09 8.9135377011123195E+07 -8.1367812669514537E+07 4.8013057900451583E-01 0.0000000000000000E+00
276 2.4666079991821635E+33 9.5506663584868982E+07 5.4651053275162258E+09 8.5065618917304754E+07 -8.1877181506528690E+07 4.8025065369466141E-01 0.0000000000000000E+00
277 2.4765539991845285E+33 9.6564537188992575E+07 5.4109708477068930E+09 8.1121487787762746E+07 -8.2378087012022495E+07 4.8035488301891305E-01 0.0000000000000000E+00
278 2.4864999991869351E+33 9.7650342266744882E+07 5.3552532333659430E+09 7.7299589925334930E+07 -8.2869030331250116E+07 4.8044623987524232E-01 0.0000000000000000E+00
279 2.4964459991893969E+33 9.8765363539604738E+07 5.2979235767015276E+09 7.3596699768008187E+07 -8.3348199726468071E+07 4.8052817550707566E-01 0.0000000000000000E+00
280 2.5063919991918957E+33 9.9910964108101442E+07 5.2388502231769533E+09 7.0011325634006575E+07 -8.3813210672867373E+07 4.8060159947647574E-01 0.0000000000000000E+00
281 2.5163379991944360E+33 1.0108857366843785E+08 5.1777955794589520E+09 6.6542968820820488E+07 -8.4261036702865362E+07 4.8066689602192880E-01 0.0000000000000000E+00
282 2.5262839991970270E+33 1.0229965228739399E+08 5.1143756248146896E+09 6.3193076067568116E+07 -8.4688094946308821E+07 4.8072062141424543E-01 0.0000000000000000E+00
283 2.5362299991996549E+33 1.0354573527410296E+08 5.0482652105396700E+09 5.9960332275838144E+07 -8.5090515795058608E+07 4.8076765336499150E-01 0.0000000000000000E+00
284 2.5461759992023335E+33 1.0482841414911427E+08 4.9790954062485142E+09 5.6844372220651418E+07 -8.5464331585525349E+07 4.8080901125418279E-01 0.0000000000000000E+00
285 2.5561219992050536E+33 1.0614937131209576E+08 4.9066433982931957E+09 5.3843181575384319E+07 -8.5806006871102527E+07 4.8084568623155732E-01 0.0000000000000000E+00
286 2.5660679992078107E+33 1.0770322320753197E+08 5.1799240070057964E+09 4.4550467983096421E+07 -8.6296397148648068E+07 4.9679750458555783E-01 0.0000000000000000E+00
287 2.5760139992106046E+33 1.0931372117119054E+08 5.1315940509125118E+09 4.1739105856620632E+07 -8.6724906294102103E+07 4.9683994744217308E-01 0.0000000000000000E+00
288 2.5826446658791563E+33 1.1041926305226839E+08 5.0867613383390379E+09 3.9540117107090779E+07 -8.6968256497276351E+07 4.9687825784985634E-01 0.0000000000000000E+00
289 2.5892753325477269E+33 1.1155182937484466E+08 5.0509225354607677E+09 3.7822224852464572E+07 -8.7176895780591592E+07 4.9690173750478150E-01 0.0000000000000000E+00
290 2.5928434684641860E+33 1.1217214652561970E+08 5.0193427744338388E+09 3.6580661694769256E+07 -8.7271506897838548E+07 4.9693068929084055E-01 0.0000000000000000E+00
291 2.5963371251865946E+33 1.1283720204649565E+08 5.2032210979050856E+09 3.3027071376834955E+07 -8.7486546338415548E+07 4.9718200559995895E-01 0.0000000000000000E+00
292 2.5997578573503365E+33 1.1352612326609027E+08 5.2781484991071367E+09 3.0845098788420703E+07 -8.7720715870453134E+07 4.9722905633798381E-01 0.0000000000000000E+00
293 2.6058519992192262E+33 1.1484235509810035E+08 5.3486044414540672E+09 2.8258764653441023E+07 -8.8194166696436346E+07 4.9776898902675165E-01 0.0000000000000000E+00
294 2.6157979992221815E+33 1.1704325551142123E+08 5.2917705960690022E+09 2.6750847755761612E+07 -8.8930309492906183E+07 4.9777750215215716E-01 0.0000000000000000E+00
295 2.6257439992251829E+33 1.1931097059451544E+08 5.2218696033824053E+09 2.4990216772012185E+07 -8.9582274682206109E+07 4.9778929158648255E-01 0.0000000000000000E+00
296 2.6356899992282167E+33 1.2164575370596975E+08 5.1502544045567617E+09 2.3353950021918528E+07 -9.0097949005055159E+07 4.9780117084892306E-01 0.0000000000000000E+00
297 2.6456359992312965E+33 1.2404570850997275E+08 5.0753388923377476E+09 2.1852522515444580E+07 -9.0443051323918179E+07 4.9781154818260365E-01 0.0000000000000000E+00
298 2.6555819992344132E+33 1.2650894991935815E+08 4.9976265306327543E+09 2.0472583468278844E+07 -9.0690453940619633E+07 4.9781819545410011E-01 0.0000000000000000E+00
299 2.6655279992375669E+33 1.2903516307444847E+08 4.9180204282537861E+09 1.9190340559534255E+07 -9.0834053050192699E+07 4.9782339179131663E-01 0.0000000000000000E+00
300 2.6754739992407620E+33 1.3162387942390563E+08 4.8375768395789871E+09 1.7999243247200254E+07 -9.0876113572422862E+07 4.9782847516655432E-01 0.0000000000000000E+00
301 2.6854199992439940E+33 1.3427454047173610E+08 4.7564120572457409E+09 1.6892677362741437E+07 -9.0817313478805080E+07 4.9783318069827037E-01 0.0000000000000000E+00
302 2.6953659992472583E+33 1.3698662924466431E+08 4.6747901965760546E+09 1.5863716882383406E+07 -9.0660341565676570E+07 4.9783727958944318E-01 0.0000000000000000E+00
303 2.7053119992505642E+33 1.3975986895822459E+08 4.5930871511906433E+09 1.4905013245609960E+07 -9.0409772710790277E+07 4.9784054508588876E-01 0.0000000000000000E+00
304 2.7152579992539115E+33 1.4259448507006496E+08 4.5117075569169703E+09 1.4008794443695066E+07 -9.0071092500772029E+07 4.9784268230748002E-01 0.0000000000000000E+00
305 2.7252039992572911E+33 1.4550371241275072E+08 4.4247507844500494E+09 1.3110675791334014E+07 -8.9462452167889103E+07 4.9795447854593622E-01 0.0000000000000000E+00
306 2.7351499992607168E+33 1.4847073851970890E+08 4.3399485120454855E+09 1.2346483850964613E+07 -8.8856383343890920E+07 4.9795640871030405E-01 0.0000000000000000E+00
307 2.7450959992641748E+33 1.5149857819664142E+08 4.2573177420106993E+09 1.1619763525485896E+07 -8.8255287348512024E+07 4.9795785196719888E-01 0.0000000000000000E+00
308 2.7550419992676697E+33 1.5458998708384559E+08 4.1768133040352845E+09 1.0930326964407908E+07 -8.7649555483678579E+07 4.9795888331262161E-01 0.0000000000000000E+00
309 2.7649879992712015E+33 1.5774643748536384E+08 4.0977030616782036E+09 1.0281099432257352E+07 -8.7012491978923470E+07 4.9795970128023287E-01 0.0000000000000000E+00
310 2.7749339992747748E+33 1.6096635424127746E+08 4.0185916114325771E+09 9.6792158227243833E+06 -8.6314144139169261E+07 4.9796039597084812E-01 0.0000000000000000E+00
311 2.7848799992783804E+33 1.6424887330841333E+08 3.9398981385991025E+09 9.1187399866583273E+06 -8.5615153261720121E+07 4.9796100544134403E-01 0.0000000000000000E+00
312 2.7948259992820228E+33 1.6759796908236101E+08 3.8637964857797642E+09 8.5838257175889928E+06 -8.4964192234410256E+07 4.9796155100255018E-01 0.0000000000000000E+00
313 2.8047719992856976E+33 1.7101953593943381E+08 3.7909856140736489E+09 8.0693761535008634E+06 -8.4344988744846880E+07 4.9796203320109439E-01 0.0000000000000000E+00
314 2.8147179992894000E+33 1.7451710658429354E+08 3.7203552079311047E+09 7.5810443451372869E+06 -8.3728498616205603E+07 4.9796245385732657E-01 0.0000000000000000E+00
315 2.8246639992931301E+33 1.7809319566237274E+08 3.6513146233990040E+09 7.1200881525963312E+06 -8.3102269290247321E+07 4.9796282224218275E-01 0.0000000000000000E+00
316 2.8346099992968971E+33 1.8174961293949440E+08 3.5834771275609760E+09 6.6865520219054474E+06 -8.2457009953424841E+07 4.9796314306884215E-01 0.0000000000000000E+00
317 2.8412406659660912E+33 1.8423228188977027E+08 3.5278132957708158E+09 6.3469144769249735E+06 -8.2011072160515875E+07 4.9796337616319603E-01 0.0000000000000000E+00
318 2.8478713326353015E+33 1.8675154277870440E+08 3.4835512003012762E+09 6.0871997701265216E+06 -8.1553452771465674E+07 4.9796354372589224E-01 0.0000000000000000E+00
319 2.8545019993045279E+33 1.8930780559915304E+08 3.4396302677808309E+09 5.8382454902218012E+06 -8.1084394599870354E+07 4.9796369516730105E-01 0.0000000000000000E+00
320 2.8644479993083917E+33 1.9321302506211299E+08 3.3850658277268143E+09 5.5402309452185538E+06 -8.0363592948628083E+07 4.9796386487193739E-01 0.0000000000000000E+00
321 2.8743939993122878E+33 1.9720495419875523E+08 3.3205263783484435E+09 5.2028464188865321E+06 -7.9619707761260778E+07 4.9796404110883019E-01 0.0000000000000000E+00
322 2.8843399993162070E+33 2.0128623540703356E+08 3.2568297244133711E+09 4.8848297309558643E+06 -7.8853110936859027E+07 4.9796419190600422E-01 0.0000000000000000E+00
323 2.8942859993201584E+33 2.0545964675076142E+08 3.1939670645810075E+09 4.5850684141423441E+06 -7.8063214049871340E+07 4.9796432207773539E-01 0.0000000000000000E+00
324 2.9042319993241376E+33 2.0972796434365728E+08 3.1318871538400140E+09 4.3026674815988336E+06 -7.7249748624561846E+07 4.9796443589068173E-01 0.0000000000000000E+00
325 2.9141779993281490E+33 2.1409388308529669E+08 3.0705837477951345E+09 4.0368340075223418E+06 -7.6412096760898679E+07 4.9796453573537564E-01 0.0000000000000000E+00
326 2.9241239993321880E+33 2.1856008831914675E+08 3.0100180455416059E+09 3.7867191087458162E+06 -7.5550109318014100E+07 4.9796462370225664E-01 0.0000000000000000E+00
327 2.9340699993362548E+33 2.2312931247254848E+08 2.9501654563652215E+09 3.5514579042293644E+06 -7.4664035885932833E+07 4.9796470158484574E-01 0.0000000000000000E+00
328 2.9440159993403446E+33 2.2780440469143194E+08 2.8910070516258750E+09 3.3301777995127672E+06 -7.3753677838252276E+07 4.9796477087825569E-01 0.0000000000000000E+00
329 2.9539619993444575E+33 2.3258837546099806E+08 2.8325176266589651E+09 3.1220325417122007E+06 -7.2819491661312819E+07 4.9796483286031518E-01 0.0000000000000000E+00
330 2.9639079993485934E+33 2.3748445277737346E+08 2.7746822854884887E+09 2.9262020761597743E+06 -7.1861740852177173E+07 4.9796488857444798E-01 0.0000000000000000E+00
331 2.9738539993527570E+33 2.4249611573728690E+08 2.7174832837718349E+09 2.7419127556025106E+06 -7.0880603382711962E+07 4.9796493888505516E-01 0.0000000000000000E+00
332 2.9837999993569436E+33 2.4762712701111552E+08 2.6609029724148598E+09 2.5684383844047678E+06 -6.9876166724818662E+07 4.9796498450554794E-01 0.0000000000000000E+00
333 2.9937459993611625E+33 2.5288156449723506E+08 2.6049226856718187E+09 2.4051000717960000E+06 -6.8848404924916089E+07 4.9796502603050352E-01 0.0000000000000000E+00
334 3.0036919993653999E+33 2.5826385333353269E+08 2.5495224277607193E+09 2.2512648341632318E+06 -6.7797148593176484E+07 4.9796506395448376E-01 0.0000000000000000E+00
335 3.0136379993696650E+33 2.6377879972475019E+08 2.4946807203748279E+09 2.1063432983486853E+06 -6.6722056507165097E+07 4.9796509868940919E-01 0.0000000000000000E+00
336 3.0235839993739485E+33 2.6943162812664568E+08 2.4403745696651001E+09 1.9697868859476978E+06 -6.5622587602998316E+07 4.9796513058573139E-01 0.0000000000000000E+00
337 3.0335299993782504E+33 2.7522799124320960E+08 2.3865751017012734E+09 1.8410952032587032E+06 -6.4497983152514055E+07 4.9796515992314122E-01 0.0000000000000000E+00
338 3.0434759993825662E+33 2.8132029403125674E+08 2.3108085230438852E+09 1.6776217891540281E+06 -6.3306666098778412E+07 4.9907403526754968E-01 0.0000000000000000E+00
339 3.0534219993869050E+33 2.8755920752390969E+08 2.2575506185347934E+09 1.5679479332833258E+06 -6.2094083322812356E+07 4.9907403461912497E-01 0.0000000000000000E+00
340 3.0633679993912623E+33 2.9395162422955751E+08 2.2048902157829537E+09 1.4645371545881676E+06 -6.0859275816745974E+07 4.9907403433850256E-01 0.0000000000000000E+00
341 3.0699986660608444E+33 2.9843007064314646E+08 2.1848233026192017E+09 1.3429764819703621E+06 -5.9975141207071334E+07 4.9911851408973451E-01 0.0000000000000000E+00
342 3.0739793428611382E+33 3.0127394315408725E+08 2.1893633185260739E+09 1.2388529380085359E+06 -5.9424948200962156E+07 4.9910260381161525E-01 0.0000000000000000E+00
343 3.0783846859041975E+33 3.0461742317470717E+08 2.2022766329311991E+09 1.1424499711912600E+06 -5.8791628760672987E+07 4.9907201242888188E-01 0.0000000000000000E+00
344 3.0832599994000322E+33 3.0900037671338320E+08 2.2676624349402213E+09 9.4033483163807972E+05 -5.7957091371238679E+07 4.9912506475724844E-01 0.0000000000000000E+00
345 3.0932059994044356E+33 3.1802155315050232E+08 2.2293308087553878E+09 8.9256526138320973E+05 -5.6297229693430901E+07 4.9912507558788710E-01 0.0000000000000000E+00
346 3.1031519994088482E+33 3.2714376958792150E+08 2.1797096513165226E+09 8.3373347099650861E+05 -5.4682902583884753E+07 4.9912511212599242E-01 0.0000000000000000E+00
347 3.1130979994132701E+33 3.3636565436817443E+08 2.1317953667925336E+09 7.7975242795611988E+05 -5.3115532398901045E+07 4.9912517159987341E-01 0.0000000000000000E+00
348 3.1230439994177080E+33 3.4568676110725391E+08 2.0855228049769177E+09 7.3007682393600326E+05 -5.1595466556413621E+07 4.9912525009413355E-01 0.0000000000000000E+00
349 3.1329899994221645E+33 3.5510720423916733E+08 2.0408163928188598E+09 6.8425878979162418E+05 -5.0122241300122932E+07 4.9912535186508267E-01 0.0000000000000000E+00
350 3.1429359994266324E+33 3.6462744244742638E+08 1.9975976796461995E+09 6.4191957671564887E+05 -4.8694828309644789E+07 4.9912547910754179E-01 0.0000000000000000E+00
351 3.1528819994311165E+33 3.7424813744187051E+08 1.9557887674513807E+09 6.0273299577768927E+05 -4.7311847021392547E+07 4.9912563324531084E-01 0.0000000000000000E+00
352 3.1628279994356168E+33 3.8397006358369213E+08 1.9153142899152954E+09 5.6641409834065218E+05 -4.5971742379910812E+07 4.9912581729030941E-01 0.0000000000000000E+00
353 3.1727739994401378E+33 3.9379405552446246E+08 1.8761026512364435E+09 5.3271102071288682E+05 -4.4672905532679975E+07 4.9912604531167970E-01 0.0000000000000000E+00
354 3.1827199994446772E+33 4.0372098033781433E+08 1.8380865954754419E+09 5.0139922890544735E+05 -4.3413765090693355E+07 4.9912631008618880E-01 0.0000000000000000E+00
355 3.1926659994492305E+33 4.1375172596887797E+08 1.8012033627114296E+09 4.7227727261146746E+05 -4.2192839323656425E+07 4.9912661592826513E-01 0.0000000000000000E+00
356 3.2026119994537953E+33 4.2388719999701005E+08 1.7653946213298805E+09 4.4516357357556908E+05 -4.1008765433481269E+07 4.9912696803662088E-01 0.0000000000000000E+00
357 3.2125579994583762E+33 4.3412833463706034E+08 1.7306062716490233E+09 4.1989391532536852E+05 -3.9860306424781479E+07 4.9912737715620997E-01 0.0000000000000000E+00
358 3.2225039994629664E+33 4.4447609541157615E+08 1.6967882158056726E+09 3.9631941237279831E+05 -3.8746340218831599E+07 4.9912784102869084E-01 0.0000000000000000E+00
359 3.2324499994675658E+33 4.5493149200852495E+08 1.6638940918014953E+09 3.7430481588273006E+05 -3.7665841109041013E+07 4.9912836321870602E-01 0.0000000000000000E+00
360 3.2423959994721767E+33 4.6549559075915056E+08 1.6318810476161695E+09 3.5372705865009804E+05 -3.6617856366756491E+07 4.9912894146588505E-01 0.0000000000000000E+00
361 3.2523419994767946E+33 4.7616952887602818E+08 1.6007095383979139E+09 3.3447397692753881E+05 -3.5601485134641185E+07 4.9912957051023743E-01 0.0000000000000000E+00
362 3.2622879994814193E+33 4.8695453150373721E+08 1.5703431439419568E+09 3.1644315814927925E+05 -3.4615866454068348E+07 4.9913025130264033E-01 0.0000000000000000E+00
363 3.2722339994860533E+33 4.9785193385958242E+08 1.5407483242379646E+09 2.9954087105333013E+05 -3.3660186528831638E+07 4.9913103279516763E-01 0.0000000000000000E+00
364 3.2821799994906942E+33 5.0886321288481718E+08 1.5118937950873652E+09 2.8368102666721388E+05 -3.2733730602357544E+07 4.9913216957912820E-01 0.0000000000000000E+00
365 3.2921259994953443E+33 5.1999003759826440E+08 1.4837485308408256E+09 2.6878407669933717E+05 -3.1836061181682315E+07 4.9913464695753307E-01 0.0000000000000000E+00
366 3.3020719995000037E+33 5.3123436526620847E+08 1.4562767009096732E+09 2.5477549793955218E+05 -3.0967681553504039E+07 4.9914158364749645E-01 0.0000000000000000E+00
367 3.3120179995046769E+33 5.4260803261743426E+08 1.4298263325257018E+09 2.4137969085377175E+05 -3.0126341999810264E+07 4.9914559433263089E-01 0.0000000000000000E+00
368 3.3219639995093547E+33 5.5411093047955275E+08 1.4039609931052990E+09 2.2881510375903200E+05 -2.9310123794669267E+07 4.9914557843910645E-01 0.0000000000000000E+00
369 3.3319099995140417E+33 5.6574304005835474E+08 1.3786412908358192E+09 2.1702096509338156E+05 -2.8518579822977420E+07 4.9914554536575939E-01 0.0000000000000000E+00
370 3.3418559995187333E+33 5.7750461671505141E+08 1.3538532024688158E+09 2.0593827823265432E+05 -2.7751249256052941E+07 4.9914555058723109E-01 0.0000000000000000E+00
371 3.3518019995234272E+33 5.8939617696721804E+08 1.3295826393341329E+09 1.9551353926579191E+05 -2.7007660343574233E+07 4.9914555141046280E-01 0.0000000000000000E+00
372 3.3617479995281235E+33 6.0141849013569760E+08 1.3058155277981925E+09 1.8569809147281956E+05 -2.6287330470659755E+07 4.9914555113623166E-01 0.0000000000000000E+00
373 3.3716939995328266E+33 6.1357255817365324E+08 1.2825375079179692E+09 1.7644781172590659E+05 -2.5589765677362390E+07 4.9914555091853530E-01 0.0000000000000000E+00
374 3.3816399995375413E+33 6.2585960658607328E+08 1.2597343007576079E+09 1.6772247457808026E+05 -2.4914459368005570E+07 4.9914555061353233E-01 0.0000000000000000E+00
375 3.3915859995422583E+33 6.3828108287798655E+08 1.2373919372703876E+09 1.5948526704525138E+05 -2.4260891360924993E+07 4.9914554847592524E-01 0.0000000000000000E+00
376 3.4015319995469776E+33 6.5083864998226011E+08 1.2154966048550003E+09 1.5170253063771923E+05 -2.3628528360508107E+07 4.9914554768237490E-01 0.0000000000000000E+00
377 3.4114779995517061E+33 6.6353418100388575E+08 1.1940346872724664E+09 1.4434344254765220E+05 -2.3016825504177120E+07 4.9914554841764264E-01 0.0000000000000000E+00
378 3.4214239995564416E+33 6.7636975550407684E+08 1.1729927985944240E+09 1.3737973054471001E+05 -2.2425228771950535E+07 4.9914554867811961E-01 0.0000000000000000E+00
379 3.4313699995611747E+33 6.8934765662135875E+08 1.1523577872216620E+09 1.3078542760083870E+05 -2.1853177955956649E+07 4.9914554947097123E-01 0.0000000000000000E+00
380 3.4413159995659101E+33 7.0247036844482088E+08 1.1321167046913126E+09 1.2453665843433297E+05 -2.1300109827883009E+07 4.9914555079707035E-01 0.0000000000000000E+00
381 3.4512619995706548E+33 7.1574057620299864E+08 1.1122569074134243E+09 1.1861142416308681E+05 -2.0765461045874298E+07 4.9914555312113645E-01 0.0000000000000000E+00
382 3.4612079995753972E+33 7.2916116734884775E+08 1.0927660246857157E+09 1.1298942989451920E+05 -2.0248670588372096E+07 4.9914555690019852E-01 0.0000000000000000E+00
383 3.4711539995801372E+33 7.4273522857819498E+08 1.0736319470355790E+09 1.0765197031246399E+05 -1.9749181689205378E+07 4.9914555948675055E-01 0.0000000000000000E+00
384 3.4810999995848796E+33 7.5646601045093155E+08 1.0548419224380401E+09 1.0258203409488784E+05 -1.9266444035861883E+07 4.9914555973996266E-01 0.0000000000000000E+00
385 3.4910459995896196E+33 7.7035699050253975E+08 1.0363847626668389E+09 9.7763406247893159E+04 -1.8799911844821602E+07 4.9914555975319419E-01 0.0000000000000000E+00
386 3.5009919995943550E+33 7.8441191676525748E+08 1.0182504341123105E+09 9.3180811252920787E+04 -1.8349042579757363E+07 4.9914555976248237E-01 0.0000000000000000E+00
387 3.5109379995990882E+33 7.9863476414811051E+08 1.0004280662171071E+09 8.8820436686138579E+04 -1.7913298151493378E+07 4.9914555977033559E-01 0.0000000000000000E+00
388 3.5208839996038213E+33 8.1302973606315911E+08 9.8290695556542957E+08 8.4669487709367691E+04 -1.7492144339325249E+07 4.9914555977766634E-01 0.0000000000000000E+00
389 3.5308299996085521E+33 8.2760127174242485E+08 9.6567666665347767E+08 8.0716069953067999E+04 -1.7085050150543749E+07 4.9914555978487041E-01 0.0000000000000000E+00
390 3.5407759996132784E+33 8.4235405566501629E+08 9.4872704751946676E+08 7.6949109065562821E+04 -1.6691487414925570E+07 4.9914555979212860E-01 0.0000000000000000E+00
391 3.5507219996180000E+33 8.5729302852225316E+08 9.3204822912587178E+08 7.3358282271441683E+04 -1.6310930717716802E+07 4.9914555979955577E-01 0.0000000000000000E+00
392 3.5606679996227239E+33 8.7242339961159134E+08 9.1563061935943615E+08 6.9933957570912549E+04 -1.5942857695069512E+07 4.9914555980722719E-01 0.0000000000000000E+00
393 3.5706139996274409E+33 8.8775066068194687E+08 8.9946489404716265E+08 6.6667138980027317E+04 -1.5586749652396316E+07 4.9914555981523745E-01 0.0000000000000000E+00
394 3.5805599996321509E+33 9.0328060131545424E+08 8.8354198612275529E+08 6.3549416891869085E+04 -1.5242092426586496E+07 4.9914555982367070E-01 0.0000000000000000E+00
395 3.5905059996368564E+33 9.1901932597211933E+08 8.6785307346467471E+08 6.0572922906519016E+04 -1.4908377393516280E+07 4.9914555983245912E-01 0.0000000000000000E+00
396 3.6004519996415503E+33 9.3497327284296298E+08 8.5238956659844398E+08 5.7730288678059915E+04 -1.4585102525145354E+07 4.9914555984171188E-01 0.0000000000000000E+00
397 3.6103979996462327E+33 9.5114923469265020E+08 8.3714309585328770E+08 5.5014608328940514E+04 -1.4271773421747770E+07 4.9914555985147180E-01 0.0000000000000000E+00
398 3.6203439996509128E+33 9.6755438189909017E+08 8.2210549811321235E+08 5.2419404086107133E+04 -1.3967904268531911E+07 4.9914555986180303E-01 0.0000000000000000E+00
399 3.6302899996555860E+33 9.8419628792555273E+08 8.0726880335151744E+08 4.9938594838099874E+04 -1.3673018697020223E+07 4.9914555987278980E-01 0.0000000000000000E+00
400 3.6402359996602500E+33 1.0010829574954154E+09 7.9262522083823562E+08 4.7566467336428759E+04 -1.3386650559203502E+07 4.9914555988449166E-01 0.0000000000000000E+00
